# Table 4 of Richards et al. (2006; AJ, 131, 2766)
    1   0.00   0.596
    2   0.01   0.587
    3   0.02   0.569
    4   0.03   0.531
    5   0.04   0.462
    6   0.05   0.372
    7   0.06   0.268
    8   0.07   0.203
    9   0.08   0.170
   10   0.09   0.157
   11   0.10   0.156
   12   0.11   0.155
   13   0.12   0.154
   14   0.13   0.160
   15   0.14   0.167
   16   0.15   0.184
   17   0.16   0.241
   18   0.17   0.208
   19   0.18   0.193
   20   0.19   0.192
   21   0.20   0.197
   22   0.21   0.201
   23   0.22   0.208
   24   0.23   0.224
   25   0.24   0.263
   26   0.25   0.337
   27   0.26   0.406
   28   0.27   0.447
   29   0.28   0.462
   30   0.29   0.467
   31   0.30   0.465
   32   0.31   0.457
   33   0.32   0.450
   34   0.33   0.441
   35   0.34   0.433
   36   0.35   0.424
   37   0.36   0.416
   38   0.37   0.405
   39   0.38   0.391
   40   0.39   0.374
   41   0.40   0.355
   42   0.41   0.334
   43   0.42   0.312
   44   0.43   0.291
   45   0.44   0.276
   46   0.45   0.264
   47   0.46   0.257
   48   0.47   0.252
   49   0.48   0.247
   50   0.49   0.240
   51   0.50   0.235
   52   0.51   0.229
   53   0.52   0.232
   54   0.53   0.224
   55   0.54   0.220
   56   0.55   0.219
   57   0.56   0.224
   58   0.57   0.225
   59   0.58   0.214
   60   0.59   0.205
   61   0.60   0.197
   62   0.61   0.191
   63   0.62   0.189
   64   0.63   0.191
   65   0.64   0.196
   66   0.65   0.202
   67   0.66   0.209
   68   0.67   0.216
   69   0.68   0.226
   70   0.69   0.236
   71   0.70   0.243
   72   0.71   0.247
   73   0.72   0.246
   74   0.73   0.244
   75   0.74   0.243
   76   0.75   0.242
   77   0.76   0.238
   78   0.77   0.230
   79   0.78   0.223
   80   0.79   0.218
   81   0.80   0.212
   82   0.81   0.207
   83   0.82   0.202
   84   0.83   0.195
   85   0.84   0.189
   86   0.85   0.182
   87   0.86   0.175
   88   0.87   0.167
   89   0.88   0.161
   90   0.89   0.156
   91   0.90   0.151
   92   0.91   0.145
   93   0.92   0.139
   94   0.93   0.130
   95   0.94   0.120
   96   0.95   0.111
   97   0.96   0.102
   98   0.97   0.093
   99   0.98   0.082
  100   0.99   0.071
  101   1.00   0.061
  102   1.01   0.051
  103   1.02   0.041
  104   1.03   0.031
  105   1.04   0.021
  106   1.05   0.010
  107   1.06   0.001
  108   1.07  -0.009
  109   1.08  -0.018
  110   1.09  -0.025
  111   1.10  -0.033
  112   1.11  -0.041
  113   1.12  -0.048
  114   1.13  -0.056
  115   1.14  -0.065
  116   1.15  -0.072
  117   1.16  -0.080
  118   1.17  -0.087
  119   1.18  -0.092
  120   1.19  -0.098
  121   1.20  -0.104
  122   1.21  -0.108
  123   1.22  -0.112
  124   1.23  -0.117
  125   1.24  -0.121
  126   1.25  -0.124
  127   1.26  -0.128
  128   1.27  -0.131
  129   1.28  -0.133
  130   1.29  -0.136
  131   1.30  -0.140
  132   1.31  -0.143
  133   1.32  -0.147
  134   1.33  -0.151
  135   1.34  -0.155
  136   1.35  -0.158
  137   1.36  -0.162
  138   1.37  -0.166
  139   1.38  -0.168
  140   1.39  -0.172
  141   1.40  -0.176
  142   1.41  -0.181
  143   1.42  -0.187
  144   1.43  -0.193
  145   1.44  -0.201
  146   1.45  -0.209
  147   1.46  -0.218
  148   1.47  -0.228
  149   1.48  -0.236
  150   1.49  -0.245
  151   1.50  -0.252
  152   1.51  -0.258
  153   1.52  -0.261
  154   1.53  -0.265
  155   1.54  -0.267
  156   1.55  -0.268
  157   1.56  -0.268
  158   1.57  -0.268
  159   1.58  -0.268
  160   1.59  -0.268
  161   1.60  -0.268
  162   1.61  -0.269
  163   1.62  -0.270
  164   1.63  -0.270
  165   1.64  -0.270
  166   1.65  -0.271
  167   1.66  -0.272
  168   1.67  -0.272
  169   1.68  -0.273
  170   1.69  -0.274
  171   1.70  -0.274
  172   1.71  -0.271
  173   1.72  -0.271
  174   1.73  -0.273
  175   1.74  -0.277
  176   1.75  -0.279
  177   1.76  -0.281
  178   1.77  -0.282
  179   1.78  -0.283
  180   1.79  -0.283
  181   1.80  -0.284
  182   1.81  -0.285
  183   1.82  -0.286
  184   1.83  -0.286
  185   1.84  -0.287
  186   1.85  -0.287
  187   1.86  -0.287
  188   1.87  -0.286
  189   1.88  -0.285
  190   1.89  -0.283
  191   1.90  -0.280
  192   1.91  -0.275
  193   1.92  -0.271
  194   1.93  -0.266
  195   1.94  -0.262
  196   1.95  -0.257
  197   1.96  -0.253
  198   1.97  -0.250
  199   1.98  -0.248
  200   1.99  -0.245
  201   2.00  -0.244
  202   2.01  -0.243
  203   2.02  -0.242
  204   2.03  -0.241
  205   2.04  -0.239
  206   2.05  -0.238
  207   2.06  -0.238
  208   2.07  -0.237
  209   2.08  -0.235
  210   2.09  -0.234
  211   2.10  -0.233
  212   2.11  -0.231
  213   2.12  -0.230
  214   2.13  -0.227
  215   2.14  -0.226
  216   2.15  -0.224
  217   2.16  -0.223
  218   2.17  -0.221
  219   2.18  -0.220
  220   2.19  -0.219
  221   2.20  -0.218
  222   2.21  -0.216
  223   2.22  -0.214
  224   2.23  -0.213
  225   2.24  -0.212
  226   2.25  -0.211
  227   2.26  -0.208
  228   2.27  -0.207
  229   2.28  -0.207
  230   2.29  -0.207
  231   2.30  -0.206
  232   2.31  -0.205
  233   2.32  -0.205
  234   2.33  -0.205
  235   2.34  -0.205
  236   2.35  -0.206
  237   2.36  -0.205
  238   2.37  -0.204
  239   2.38  -0.204
  240   2.39  -0.204
  241   2.40  -0.204
  242   2.41  -0.203
  243   2.42  -0.203
  244   2.43  -0.203
  245   2.44  -0.203
  246   2.45  -0.203
  247   2.46  -0.202
  248   2.47  -0.203
  249   2.48  -0.203
  250   2.49  -0.203
  251   2.50  -0.204
  252   2.51  -0.204
  253   2.52  -0.205
  254   2.53  -0.207
  255   2.54  -0.209
  256   2.55  -0.211
  257   2.56  -0.213
  258   2.57  -0.216
  259   2.58  -0.221
  260   2.59  -0.225
  261   2.60  -0.230
  262   2.61  -0.235
  263   2.62  -0.241
  264   2.63  -0.247
  265   2.64  -0.253
  266   2.65  -0.260
  267   2.66  -0.265
  268   2.67  -0.270
  269   2.68  -0.276
  270   2.69  -0.281
  271   2.70  -0.285
  272   2.71  -0.289
  273   2.72  -0.293
  274   2.73  -0.296
  275   2.74  -0.299
  276   2.75  -0.302
  277   2.76  -0.304
  278   2.77  -0.305
  279   2.78  -0.307
  280   2.79  -0.308
  281   2.80  -0.310
  282   2.81  -0.311
  283   2.82  -0.312
  284   2.83  -0.313
  285   2.84  -0.314
  286   2.85  -0.315
  287   2.86  -0.316
  288   2.87  -0.317
  289   2.88  -0.317
  290   2.89  -0.317
  291   2.90  -0.318
  292   2.91  -0.318
  293   2.92  -0.318
  294   2.93  -0.317
  295   2.94  -0.317
  296   2.95  -0.317
  297   2.96  -0.316
  298   2.97  -0.315
  299   2.98  -0.314
  300   2.99  -0.312
  301   3.00  -0.312
  302   3.01  -0.313
  303   3.02  -0.314
  304   3.03  -0.316
  305   3.04  -0.318
  306   3.05  -0.318
  307   3.06  -0.319
  308   3.07  -0.320
  309   3.08  -0.321
  310   3.09  -0.322
  311   3.10  -0.323
  312   3.11  -0.323
  313   3.12  -0.324
  314   3.13  -0.325
  315   3.14  -0.327
  316   3.15  -0.328
  317   3.16  -0.330
  318   3.17  -0.330
  319   3.18  -0.331
  320   3.19  -0.333
  321   3.20  -0.334
  322   3.21  -0.335
  323   3.22  -0.336
  324   3.23  -0.336
  325   3.24  -0.336
  326   3.25  -0.336
  327   3.26  -0.336
  328   3.27  -0.336
  329   3.28  -0.335
  330   3.29  -0.333
  331   3.30  -0.332
  332   3.31  -0.330
  333   3.32  -0.329
  334   3.33  -0.328
  335   3.34  -0.328
  336   3.35  -0.327
  337   3.36  -0.327
  338   3.37  -0.329
  339   3.38  -0.331
  340   3.39  -0.333
  341   3.40  -0.337
  342   3.41  -0.339
  343   3.42  -0.343
  344   3.43  -0.348
  345   3.44  -0.353
  346   3.45  -0.359
  347   3.46  -0.365
  348   3.47  -0.371
  349   3.48  -0.376
  350   3.49  -0.383
  351   3.50  -0.388
  352   3.51  -0.394
  353   3.52  -0.398
  354   3.53  -0.403
  355   3.54  -0.405
  356   3.55  -0.408
  357   3.56  -0.411
  358   3.57  -0.413
  359   3.58  -0.414
  360   3.59  -0.416
  361   3.60  -0.417
  362   3.61  -0.416
  363   3.62  -0.417
  364   3.63  -0.416
  365   3.64  -0.416
  366   3.65  -0.415
  367   3.66  -0.415
  368   3.67  -0.414
  369   3.68  -0.412
  370   3.69  -0.412
  371   3.70  -0.411
  372   3.71  -0.410
  373   3.72  -0.409
  374   3.73  -0.409
  375   3.74  -0.407
  376   3.75  -0.406
  377   3.76  -0.405
  378   3.77  -0.404
  379   3.78  -0.404
  380   3.79  -0.403
  381   3.80  -0.402
  382   3.81  -0.401
  383   3.82  -0.400
  384   3.83  -0.399
  385   3.84  -0.399
  386   3.85  -0.398
  387   3.86  -0.397
  388   3.87  -0.397
  389   3.88  -0.394
  390   3.89  -0.393
  391   3.90  -0.391
  392   3.91  -0.389
  393   3.92  -0.388
  394   3.93  -0.388
  395   3.94  -0.390
  396   3.95  -0.390
  397   3.96  -0.393
  398   3.97  -0.395
  399   3.98  -0.396
  400   3.99  -0.398
  401   4.00  -0.399
  402   4.01  -0.399
  403   4.02  -0.399
  404   4.03  -0.399
  405   4.04  -0.399
  406   4.05  -0.398
  407   4.06  -0.398
  408   4.07  -0.397
  409   4.08  -0.396
  410   4.09  -0.396
  411   4.10  -0.394
  412   4.11  -0.393
  413   4.12  -0.392
  414   4.13  -0.391
  415   4.14  -0.390
  416   4.15  -0.389
  417   4.16  -0.388
  418   4.17  -0.386
  419   4.18  -0.385
  420   4.19  -0.384
  421   4.20  -0.383
  422   4.21  -0.381
  423   4.22  -0.380
  424   4.23  -0.378
  425   4.24  -0.375
  426   4.25  -0.372
  427   4.26  -0.369
  428   4.27  -0.365
  429   4.28  -0.361
  430   4.29  -0.357
  431   4.30  -0.353
  432   4.31  -0.349
  433   4.32  -0.344
  434   4.33  -0.340
  435   4.34  -0.337
  436   4.35  -0.334
  437   4.36  -0.331
  438   4.37  -0.329
  439   4.38  -0.327
  440   4.39  -0.325
  441   4.40  -0.323
  442   4.41  -0.323
  443   4.42  -0.322
  444   4.43  -0.323
  445   4.44  -0.324
  446   4.45  -0.327
  447   4.46  -0.330
  448   4.47  -0.334
  449   4.48  -0.337
  450   4.49  -0.343
  451   4.50  -0.348
  452   4.51  -0.355
  453   4.52  -0.362
  454   4.53  -0.369
  455   4.54  -0.377
  456   4.55  -0.385
  457   4.56  -0.393
  458   4.57  -0.403
  459   4.58  -0.413
  460   4.59  -0.423
  461   4.60  -0.434
  462   4.61  -0.444
  463   4.62  -0.455
  464   4.63  -0.466
  465   4.64  -0.475
  466   4.65  -0.486
  467   4.66  -0.496
  468   4.67  -0.506
  469   4.68  -0.515
  470   4.69  -0.525
  471   4.70  -0.534
  472   4.71  -0.542
  473   4.72  -0.549
  474   4.73  -0.556
  475   4.74  -0.562
  476   4.75  -0.567
  477   4.76  -0.571
  478   4.77  -0.574
  479   4.78  -0.576
  480   4.79  -0.577
  481   4.80  -0.577
  482   4.81  -0.577
  483   4.82  -0.575
  484   4.83  -0.574
  485   4.84  -0.572
  486   4.85  -0.570
  487   4.86  -0.567
  488   4.87  -0.564
  489   4.88  -0.560
  490   4.89  -0.556
  491   4.90  -0.552
  492   4.91  -0.548
  493   4.92  -0.544
  494   4.93  -0.540
  495   4.94  -0.536
  496   4.95  -0.532
  497   4.96  -0.528
  498   4.97  -0.522
  499   4.98  -0.518
  500   4.99  -0.513
  501   5.00  -0.509
  502   5.01  -0.504
  503   5.02  -0.500
  504   5.03  -0.495
  505   5.04  -0.490
  506   5.05  -0.485
  507   5.06  -0.480
  508   5.07  -0.475
  509   5.08  -0.470
  510   5.09  -0.464
  511   5.10  -0.458
  512   5.11  -0.451
  513   5.12  -0.445
  514   5.13  -0.438
  515   5.14  -0.431
  516   5.15  -0.425
  517   5.16  -0.419
  518   5.17  -0.414
  519   5.18  -0.409
  520   5.19  -0.404
  521   5.20  -0.398
  522   5.21  -0.392
  523   5.22  -0.385
  524   5.23  -0.376
  525   5.24  -0.367
  526   5.25  -0.359
  527   5.26  -0.352
  528   5.27  -0.346
  529   5.28  -0.343
  530   5.29  -0.341
  531   5.30  -0.340
  532   5.31  -0.340
  533   5.32  -0.338
  534   5.33  -0.336
  535   5.34  -0.334
  536   5.35  -0.331
  537   5.36  -0.328
  538   5.37  -0.324
  539   5.38  -0.320
  540   5.39  -0.316
  541   5.40  -0.312
  542   5.41  -0.309
  543   5.42  -0.303
  544   5.43  -0.299
  545   5.44  -0.295
  546   5.45  -0.290
  547   5.46  -0.285
  548   5.47  -0.280
  549   5.48  -0.275
  550   5.49  -0.269
